输入音符：0
输入音符：0
输入音符：0
输入音符：0

hmm用时0.000447秒
0__(w=0.000000) len(seq)=1
旋律		模型输出	实际结果
[0 0 0 0 ]	[0 4 8 ]	(0 4 7 )
输入数据：
0-4-7=1
输入序列：
11 -1 -1 -1 -1 

bayes用时0.000223秒

输出和弦：5 9 12 

输入音符：45
输入音符：45
输入音符：45
输入音符：45

hmm用时0.002313秒
45_-5(w=2.000000) len(seq)=2
旋律		模型输出	实际结果
[0 0 0 0 ]	[0 4 8 ]	(33 36 40 )
[45 45 45 45 ]	[0 4 8 ]	(33 36 40 )
输入数据：
9-0-4=2
输入序列：
14 -1 -1 -1 -1 

bayes用时0.000153秒

输出和弦：24 28 31 

输入音符：48
输入音符：48
输入音符：48
输入音符：48

hmm用时0.001222秒
45_m3(w=1.000000) len(seq)=3
旋律		模型输出	实际结果
[0 0 0 0 ]	[0 4 8 ]	(33 36 40 )
[45 45 45 45 ]	[0 4 8 ]	(33 36 40 )
[48 48 48 48 ]	[0 4 8 ]	(33 36 40 )
输入数据：
9-0-4=3
输入序列：
23 -1 -1 -1 -1 

bayes用时0.000313秒

输出和弦：24 28 31 

输入音符：48
输入音符：48
输入音符：41
输入音符：41

hmm用时0.002860秒
41_M3(w=0.000000) len(seq)=4
旋律		模型输出	实际结果
[0 0 0 0 ]	[0 4 8 ]	(29 33 36 )
[45 45 45 45 ]	[0 4 8 ]	(29 33 36 )
[48 48 48 48 ]	[0 4 8 ]	(29 33 36 )
[48 48 41 41 ]	[0 4 8 ]	(29 33 36 )
输入数据：
5-9-0=4
输入序列：
26 -1 -1 -1 -1 

bayes用时0.000649秒

输出和弦：24 28 31 

输入音符：43
输入音符：43
输入音符：43
输入音符：43

hmm用时0.003178秒
41_M3(w=0.000000) len(seq)=4
旋律		模型输出	实际结果
[0 0 0 0 ]	[0 4 8 ]	(29 33 36 )
[45 45 45 45 ]	[0 4 8 ]	(29 33 36 )
[48 48 48 48 ]	[0 4 8 ]	(29 33 36 )
[48 48 41 41 ]	[0 4 8 ]	(29 33 36 )

hmm用时0.001176秒
43_-5(w=2.000000) len(seq)=1
旋律		模型输出	实际结果
[43 43 43 43 ]	[]	()
输入数据：
5-9-0=4
输入序列：
26 -1 -1 -1 -1 

bayes用时0.000809秒

输出和弦：24 28 31 

输入音符：43
输入音符：43
输入音符：43
输入音符：43

hmm用时0.002061秒
43_-5(w=2.000000) len(seq)=2
旋律		模型输出	实际结果
[43 43 43 43 ]	[]	()
[43 43 43 43 ]	[]	()
输入数据：
5-9-0=4
输入序列：
26 -1 -1 -1 -1 

bayes用时0.000650秒

输出和弦：24 28 31 

输入音符：0
输入音符：0
输入音符：0
输入音符：0

hmm用时0.002427秒
43_-5(w=2.000000) len(seq)=3
旋律		模型输出	实际结果
[43 43 43 43 ]	[0 4 8 ]	(31 35 38 )
[43 43 43 43 ]	[0 4 8 ]	(31 35 38 )
[0 0 0 0 ]	[0 4 8 ]	(31 35 38 )
输入数据：
7-11-2=3
5-9-0=4
输入序列：
24 26 -1 -1 -1 

bayes用时0.000303秒

输出和弦：24 28 31 

输入音符：0
输入音符：0
输入音符：0
输入音符：0

hmm用时0.002505秒
43_-5(w=2.000000) len(seq)=4
旋律		模型输出	实际结果
[43 43 43 43 ]	[0 4 8 ]	(31 35 38 )
[43 43 43 43 ]	[0 4 8 ]	(31 35 38 )
[0 0 0 0 ]	[0 4 8 ]	(31 35 38 )
[0 0 0 0 ]	[0 4 8 ]	(31 35 38 )
输入数据：
7-11-2=4
5-9-0=4
输入序列：
20 26 -1 -1 -1 

bayes用时0.000360秒

输出和弦：24 28 31 

输入音符：0
输入音符：0
输入音符：0
输入音符：0

hmm用时0.003483秒
43_-5(w=2.000000) len(seq)=5
旋律		模型输出	实际结果
[43 43 43 43 ]	[0 4 8 ]	(31 35 38 )
[43 43 43 43 ]	[0 4 8 ]	(31 35 38 )
[0 0 0 0 ]	[0 4 8 ]	(31 35 38 )
[0 0 0 0 ]	[0 4 8 ]	(31 35 38 )
[0 0 0 0 ]	[0 4 8 ]	(31 35 38 )
输入数据：
7-11-2=5
5-9-0=4
输入序列：
94 26 -1 -1 -1 

bayes用时0.000211秒

输出和弦：24 28 31 

输入音符：43
输入音符：43
输入音符：43
输入音符：43

hmm用时0.004973秒
43_-5(w=2.000000) len(seq)=6
旋律		模型输出	实际结果
[43 43 43 43 ]	[0 4 8 ]	(31 35 38 )
[43 43 43 43 ]	[0 4 8 ]	(31 35 38 )
[0 0 0 0 ]	[0 4 8 ]	(31 35 38 )
[0 0 0 0 ]	[0 4 8 ]	(31 35 38 )
[0 0 0 0 ]	[0 4 8 ]	(31 35 38 )
[43 43 43 43 ]	[0 4 8 ]	(31 35 38 )
输入数据：
7-11-2=6
5-9-0=4
输入序列：
83 26 -1 -1 -1 

bayes用时0.000346秒

输出和弦：24 28 31 

输入音符：45
输入音符：45
输入音符：45
输入音符：45

hmm用时0.005344秒
43_-5(w=2.000000) len(seq)=6
旋律		模型输出	实际结果
[43 43 43 43 ]	[0 4 8 ]	(31 35 38 )
[43 43 43 43 ]	[0 4 8 ]	(31 35 38 )
[0 0 0 0 ]	[0 4 8 ]	(31 35 38 )
[0 0 0 0 ]	[0 4 8 ]	(31 35 38 )
[0 0 0 0 ]	[0 4 8 ]	(31 35 38 )
[43 43 43 43 ]	[0 4 8 ]	(31 35 38 )

hmm用时0.001506秒
45_-5(w=2.000000) len(seq)=1
旋律		模型输出	实际结果
[45 45 45 45 ]	[]	()
输入数据：
7-11-2=6
5-9-0=4
输入序列：
83 26 -1 -1 -1 

bayes用时0.000529秒

输出和弦：24 28 31 

输入音符：45
输入音符：45
输入音符：43
输入音符：43

hmm用时0.002229秒
45_-5(w=4.000000) len(seq)=2
旋律		模型输出	实际结果
[45 45 45 45 ]	[]	()
[45 45 43 43 ]	[]	()
输入数据：
7-11-2=6
5-9-0=4
输入序列：
83 26 -1 -1 -1 

bayes用时0.000374秒

输出和弦：24 28 31 

输入音符：41
输入音符：41
输入音符：41
输入音符：41

hmm用时0.002495秒
41_-5(w=3.500000) len(seq)=3
旋律		模型输出	实际结果
[45 45 45 45 ]	[10 0 4 ]	(26 29 33 )
[45 45 43 43 ]	[10 0 4 ]	(26 29 33 )
[41 41 41 41 ]	[10 0 4 ]	(26 29 33 )
输入数据：
2-5-9=3
7-11-2=6
5-9-0=4
输入序列：
95 83 26 -1 -1 

bayes用时0.000156秒

输出和弦：24 28 31 

输入音符：41
输入音符：41
输入音符：41
输入音符：41

hmm用时0.003105秒
41_-5(w=3.500000) len(seq)=4
旋律		模型输出	实际结果
[45 45 45 45 ]	[]	()
[45 45 43 43 ]	[]	()
[41 41 41 41 ]	[]	()
[41 41 41 41 ]	[]	()
输入数据：
7-11-2=6
5-9-0=4
输入序列：
83 26 -1 -1 -1 

bayes用时0.000299秒

输出和弦：24 28 31 

输入音符：0
输入音符：0
输入音符：0
输入音符：0

hmm用时0.003692秒
41_-5(w=3.500000) len(seq)=5
旋律		模型输出	实际结果
[45 45 45 45 ]	[0 4 8 ]	(29 33 36 )
[45 45 43 43 ]	[0 4 8 ]	(29 33 36 )
[41 41 41 41 ]	[0 4 8 ]	(29 33 36 )
[41 41 41 41 ]	[0 4 8 ]	(29 33 36 )
[0 0 0 0 ]	[0 4 8 ]	(29 33 36 )
输入数据：
5-9-0=5
7-11-2=6
5-9-0=4
输入序列：
43 83 26 -1 -1 

bayes用时0.000114秒

输出和弦：31 35 38 

输入音符：0
输入音符：0
输入音符：0
输入音符：0

hmm用时0.004382秒
41_-5(w=3.500000) len(seq)=6
旋律		模型输出	实际结果
[45 45 45 45 ]	[0 4 8 ]	(29 33 36 )
[45 45 43 43 ]	[0 4 8 ]	(29 33 36 )
[41 41 41 41 ]	[0 4 8 ]	(29 33 36 )
[41 41 41 41 ]	[0 4 8 ]	(29 33 36 )
[0 0 0 0 ]	[0 4 8 ]	(29 33 36 )
[0 0 0 0 ]	[0 4 8 ]	(29 33 36 )
输入数据：
5-9-0=6
7-11-2=6
5-9-0=4
输入序列：
17 83 26 -1 -1 

bayes用时0.000170秒

输出和弦：24 28 31 

输入音符：45
输入音符：45
输入音符：45
输入音符：45

hmm用时0.004917秒
41_-5(w=3.500000) len(seq)=7
旋律		模型输出	实际结果
[45 45 45 45 ]	[0 4 8 ]	(29 33 36 )
[45 45 43 43 ]	[0 4 8 ]	(29 33 36 )
[41 41 41 41 ]	[0 4 8 ]	(29 33 36 )
[41 41 41 41 ]	[0 4 8 ]	(29 33 36 )
[0 0 0 0 ]	[0 4 8 ]	(29 33 36 )
[0 0 0 0 ]	[0 4 8 ]	(29 33 36 )
[45 45 45 45 ]	[0 4 8 ]	(29 33 36 )
输入数据：
5-9-0=7
7-11-2=6
5-9-0=4
输入序列：
703 83 26 -1 -1 

bayes用时0.000073秒

输出和弦：24 28 31 

输入音符：45
输入音符：45
输入音符：45
输入音符：45

hmm用时0.005103秒
41_-5(w=3.500000) len(seq)=8
旋律		模型输出	实际结果
[45 45 45 45 ]	[0 4 8 ]	(29 33 36 )
[45 45 43 43 ]	[0 4 8 ]	(29 33 36 )
[41 41 41 41 ]	[0 4 8 ]	(29 33 36 )
[41 41 41 41 ]	[0 4 8 ]	(29 33 36 )
[0 0 0 0 ]	[0 4 8 ]	(29 33 36 )
[0 0 0 0 ]	[0 4 8 ]	(29 33 36 )
[45 45 45 45 ]	[0 4 8 ]	(29 33 36 )
[45 45 45 45 ]	[0 4 8 ]	(29 33 36 )
输入数据：
5-9-0=8
7-11-2=6
5-9-0=4
输入序列：
31 83 26 -1 -1 

bayes用时0.000181秒

输出和弦：24 28 31 

输入音符：0
输入音符：0
输入音符：0
输入音符：0

hmm用时0.006316秒
41_-5(w=3.500000) len(seq)=9
旋律		模型输出	实际结果
[45 45 45 45 ]	[0 4 8 ]	(29 33 36 )
[45 45 43 43 ]	[0 4 8 ]	(29 33 36 )
[41 41 41 41 ]	[0 4 8 ]	(29 33 36 )
[41 41 41 41 ]	[0 4 8 ]	(29 33 36 )
[0 0 0 0 ]	[0 4 8 ]	(29 33 36 )
[0 0 0 0 ]	[0 4 8 ]	(29 33 36 )
[45 45 45 45 ]	[0 4 8 ]	(29 33 36 )
[45 45 45 45 ]	[0 4 8 ]	(29 33 36 )
[0 0 0 0 ]	[0 4 8 ]	(29 33 36 )
输入数据：
5-9-0=9
7-11-2=6
5-9-0=4
输入序列：
811 83 26 -1 -1 

bayes用时0.000094秒

输出和弦：24 28 31 

输入音符：0
输入音符：0
输入音符：0
输入音符：0

hmm用时0.007439秒
41_-5(w=3.500000) len(seq)=10
旋律		模型输出	实际结果
[45 45 45 45 ]	[0 4 8 ]	(29 33 36 )
[45 45 43 43 ]	[0 4 8 ]	(29 33 36 )
[41 41 41 41 ]	[0 4 8 ]	(29 33 36 )
[41 41 41 41 ]	[0 4 8 ]	(29 33 36 )
[0 0 0 0 ]	[0 4 8 ]	(29 33 36 )
[0 0 0 0 ]	[0 4 8 ]	(29 33 36 )
[45 45 45 45 ]	[0 4 8 ]	(29 33 36 )
[45 45 45 45 ]	[0 4 8 ]	(29 33 36 )
[0 0 0 0 ]	[0 4 8 ]	(29 33 36 )
[0 0 0 0 ]	[0 4 8 ]	(29 33 36 )
输入数据：
5-9-0=10
7-11-2=6
5-9-0=4
输入序列：
50 83 26 -1 -1 

bayes用时0.000074秒

输出和弦：24 28 31 

输入音符：0
输入音符：0
输入音符：0
输入音符：0

hmm用时0.007735秒
41_-5(w=3.500000) len(seq)=11
旋律		模型输出	实际结果
[45 45 45 45 ]	[0 4 8 ]	(29 33 36 )
[45 45 43 43 ]	[0 4 8 ]	(29 33 36 )
[41 41 41 41 ]	[0 4 8 ]	(29 33 36 )
[41 41 41 41 ]	[0 4 8 ]	(29 33 36 )
[0 0 0 0 ]	[0 4 8 ]	(29 33 36 )
[0 0 0 0 ]	[0 4 8 ]	(29 33 36 )
[45 45 45 45 ]	[0 4 8 ]	(29 33 36 )
[45 45 45 45 ]	[0 4 8 ]	(29 33 36 )
[0 0 0 0 ]	[0 4 8 ]	(29 33 36 )
[0 0 0 0 ]	[0 4 8 ]	(29 33 36 )
[0 0 0 0 ]	[0 4 8 ]	(29 33 36 )
输入数据：
5-9-0=11
7-11-2=6
5-9-0=4
输入序列：
1711 83 26 -1 -1 

bayes用时0.000092秒

输出和弦：24 28 31 

输入音符：45
输入音符：45
输入音符：45
输入音符：45

hmm用时0.007665秒
41_-5(w=3.500000) len(seq)=12
旋律		模型输出	实际结果
[45 45 45 45 ]	[0 4 8 ]	(29 33 36 )
[45 45 43 43 ]	[0 4 8 ]	(29 33 36 )
[41 41 41 41 ]	[0 4 8 ]	(29 33 36 )
[41 41 41 41 ]	[0 4 8 ]	(29 33 36 )
[0 0 0 0 ]	[0 4 8 ]	(29 33 36 )
[0 0 0 0 ]	[0 4 8 ]	(29 33 36 )
[45 45 45 45 ]	[0 4 8 ]	(29 33 36 )
[45 45 45 45 ]	[0 4 8 ]	(29 33 36 )
[0 0 0 0 ]	[0 4 8 ]	(29 33 36 )
[0 0 0 0 ]	[0 4 8 ]	(29 33 36 )
[0 0 0 0 ]	[0 4 8 ]	(29 33 36 )
[45 45 45 45 ]	[0 4 8 ]	(29 33 36 )
输入数据：
5-9-0=12
7-11-2=6
5-9-0=4
输入序列：
48 83 26 -1 -1 

bayes用时0.000153秒

输出和弦：24 28 31 

输入音符：50
输入音符：50
输入音符：50
输入音符：50

hmm用时0.008785秒
41_-5(w=3.500000) len(seq)=12
旋律		模型输出	实际结果
[45 45 45 45 ]	[0 4 8 ]	(29 33 36 )
[45 45 43 43 ]	[0 4 8 ]	(29 33 36 )
[41 41 41 41 ]	[0 4 8 ]	(29 33 36 )
[41 41 41 41 ]	[0 4 8 ]	(29 33 36 )
[0 0 0 0 ]	[0 4 8 ]	(29 33 36 )
[0 0 0 0 ]	[0 4 8 ]	(29 33 36 )
[45 45 45 45 ]	[0 4 8 ]	(29 33 36 )
[45 45 45 45 ]	[0 4 8 ]	(29 33 36 )
[0 0 0 0 ]	[0 4 8 ]	(29 33 36 )
[0 0 0 0 ]	[0 4 8 ]	(29 33 36 )
[0 0 0 0 ]	[0 4 8 ]	(29 33 36 )
[45 45 45 45 ]	[0 4 8 ]	(29 33 36 )

hmm用时0.001198秒
50_-5(w=2.000000) len(seq)=1
旋律		模型输出	实际结果
[50 50 50 50 ]	[]	()
输入数据：
5-9-0=12
7-11-2=6
5-9-0=4
输入序列：
48 83 26 -1 -1 

bayes用时0.000148秒

输出和弦：24 28 31 

输入音符：50
输入音符：50
输入音符：50
输入音符：50

hmm用时0.001862秒
50_-5(w=2.000000) len(seq)=2
旋律		模型输出	实际结果
[50 50 50 50 ]	[]	()
[50 50 50 50 ]	[]	()
输入数据：
5-9-0=12
7-11-2=6
5-9-0=4
输入序列：
48 83 26 -1 -1 

bayes用时0.000167秒

输出和弦：24 28 31 

输入音符：50
输入音符：50
输入音符：46
输入音符：46

hmm用时0.002745秒
46_-5(w=1.000000) len(seq)=3
旋律		模型输出	实际结果
[50 50 50 50 ]	[11 0 5 ]	(31 34 38 )
[50 50 50 50 ]	[11 0 5 ]	(31 34 38 )
[50 50 46 46 ]	[11 0 5 ]	(31 34 38 )
输入数据：
7-10-2=3
5-9-0=12
7-11-2=6
5-9-0=4
输入序列：
18 48 83 26 -1 

bayes用时0.000124秒

输出和弦：24 28 31 

输入音符：46
输入音符：46
输入音符：46
输入音符：46

hmm用时0.003389秒
46_-5(w=1.000000) len(seq)=4
旋律		模型输出	实际结果
[50 50 50 50 ]	[0 5 8 ]	(34 38 40 )
[50 50 50 50 ]	[0 5 8 ]	(34 38 40 )
[50 50 46 46 ]	[0 5 8 ]	(34 38 40 )
[46 46 46 46 ]	[0 5 8 ]	(34 38 40 )
输入数据：
10-2-4=4
5-9-0=12
7-11-2=6
5-9-0=4
输入序列：
-1 48 83 26 -1 

bayes用时0.000193秒

输出和弦：24 28 31 

输入音符：0
输入音符：0
输入音符：0
输入音符：0

hmm用时0.004054秒
46_-5(w=1.000000) len(seq)=5
旋律		模型输出	实际结果
[50 50 50 50 ]	[0 5 8 ]	(34 38 40 )
[50 50 50 50 ]	[0 5 8 ]	(34 38 40 )
[50 50 46 46 ]	[0 5 8 ]	(34 38 40 )
[46 46 46 46 ]	[0 5 8 ]	(34 38 40 )
[0 0 0 0 ]	[0 5 8 ]	(34 38 40 )
输入数据：
10-2-4=5
5-9-0=12
7-11-2=6
5-9-0=4
输入序列：
-1 48 83 26 -1 

bayes用时0.000260秒

输出和弦：24 28 31 

输入音符：0
输入音符：0
输入音符：0
输入音符：0

hmm用时0.004821秒
46_-5(w=1.000000) len(seq)=6
旋律		模型输出	实际结果
[50 50 50 50 ]	[0 5 8 ]	(34 38 40 )
[50 50 50 50 ]	[0 5 8 ]	(34 38 40 )
[50 50 46 46 ]	[0 5 8 ]	(34 38 40 )
[46 46 46 46 ]	[0 5 8 ]	(34 38 40 )
[0 0 0 0 ]	[0 5 8 ]	(34 38 40 )
[0 0 0 0 ]	[0 5 8 ]	(34 38 40 )
输入数据：
10-2-4=6
5-9-0=12
7-11-2=6
5-9-0=4
输入序列：
-1 48 83 26 -1 

bayes用时0.000173秒

输出和弦：24 28 31 

输入音符：0
输入音符：0
输入音符：0
输入音符：0

hmm用时0.005519秒
46_-5(w=1.000000) len(seq)=7
旋律		模型输出	实际结果
[50 50 50 50 ]	[5 10 0 ]	(26 30 34 )
[50 50 50 50 ]	[5 10 0 ]	(26 30 34 )
[50 50 46 46 ]	[5 10 0 ]	(26 30 34 )
[46 46 46 46 ]	[5 10 0 ]	(26 30 34 )
[0 0 0 0 ]	[0 4 8 ]	(34 37 40 )
[0 0 0 0 ]	[0 4 8 ]	(34 37 40 )
[0 0 0 0 ]	[0 4 8 ]	(34 37 40 )
输入数据：
10-1-4=3
2-6-10=4
5-9-0=12
7-11-2=6
5-9-0=4
输入序列：
846 334 48 83 26 

bayes用时0.000034秒

输出和弦：34 37 40 

输入音符：43
输入音符：43
输入音符：43
输入音符：43

hmm用时0.006328秒
43_m3(w=0.000000) len(seq)=8
旋律		模型输出	实际结果
[50 50 50 50 ]	[0 3 8 ]	(31 34 38 )
[50 50 50 50 ]	[0 3 8 ]	(31 34 38 )
[50 50 46 46 ]	[0 3 8 ]	(31 34 38 )
[46 46 46 46 ]	[0 3 8 ]	(31 34 38 )
[0 0 0 0 ]	[0 3 8 ]	(31 34 38 )
[0 0 0 0 ]	[0 3 8 ]	(31 34 38 )
[0 0 0 0 ]	[0 3 8 ]	(31 34 38 )
[43 43 43 43 ]	[0 3 8 ]	(31 34 38 )
输入数据：
7-10-2=8
5-9-0=12
7-11-2=6
5-9-0=4
输入序列：
122 48 83 26 -1 

bayes用时0.000095秒

输出和弦：24 28 31 

输入音符：48
输入音符：48
输入音符：48
输入音符：48

hmm用时0.005840秒
43_m3(w=0.000000) len(seq)=8
旋律		模型输出	实际结果
[50 50 50 50 ]	[0 3 8 ]	(31 34 38 )
[50 50 50 50 ]	[0 3 8 ]	(31 34 38 )
[50 50 46 46 ]	[0 3 8 ]	(31 34 38 )
[46 46 46 46 ]	[0 3 8 ]	(31 34 38 )
[0 0 0 0 ]	[0 3 8 ]	(31 34 38 )
[0 0 0 0 ]	[0 3 8 ]	(31 34 38 )
[0 0 0 0 ]	[0 3 8 ]	(31 34 38 )
[43 43 43 43 ]	[0 3 8 ]	(31 34 38 )

hmm用时0.001301秒
48_-5(w=2.000000) len(seq)=1
旋律		模型输出	实际结果
[48 48 48 48 ]	[]	()
输入数据：
7-10-2=8
5-9-0=12
7-11-2=6
5-9-0=4
输入序列：
122 48 83 26 -1 

bayes用时0.000093秒

输出和弦：24 28 31 

输入音符：48
输入音符：48
输入音符：50
输入音符：50

hmm用时0.001738秒
48_-5(w=3.500000) len(seq)=2
旋律		模型输出	实际结果
[48 48 48 48 ]	[]	()
[48 48 50 50 ]	[]	()
输入数据：
7-10-2=8
5-9-0=12
7-11-2=6
5-9-0=4
输入序列：
122 48 83 26 -1 

bayes用时0.000081秒

输出和弦：24 28 31 

输入音符：48
输入音符：48
输入音符：48
输入音符：48

hmm用时0.002745秒
48_-5(w=3.500000) len(seq)=3
旋律		模型输出	实际结果
[48 48 48 48 ]	[]	()
[48 48 50 50 ]	[]	()
[48 48 48 48 ]	[]	()
输入数据：
7-10-2=8
5-9-0=12
7-11-2=6
5-9-0=4
输入序列：
122 48 83 26 -1 

bayes用时0.000094秒

输出和弦：24 28 31 

输入音符：48
输入音符：48
输入音符：48
输入音符：48

hmm用时0.003434秒
48_-5(w=3.500000) len(seq)=4
旋律		模型输出	实际结果
[48 48 48 48 ]	[]	()
[48 48 50 50 ]	[]	()
[48 48 48 48 ]	[]	()
[48 48 48 48 ]	[]	()
输入数据：
7-10-2=8
5-9-0=12
7-11-2=6
5-9-0=4
输入序列：
122 48 83 26 -1 

bayes用时0.000093秒

输出和弦：24 28 31 

输入音符：0
输入音符：0
输入音符：0
输入音符：0

hmm用时0.004225秒
48_-5(w=3.500000) len(seq)=5
旋律		模型输出	实际结果
[48 48 48 48 ]	[0 4 8 ]	(36 40 43 )
[48 48 50 50 ]	[0 4 8 ]	(36 40 43 )
[48 48 48 48 ]	[0 4 8 ]	(36 40 43 )
[48 48 48 48 ]	[0 4 8 ]	(36 40 43 )
[0 0 0 0 ]	[0 4 8 ]	(36 40 43 )
输入数据：
0-4-7=5
7-10-2=8
5-9-0=12
7-11-2=6
5-9-0=4
输入序列：
22 122 48 83 26 

bayes用时0.000104秒

输出和弦：41 45 48 

输入音符：0
输入音符：0
输入音符：0
输入音符：0

hmm用时0.005161秒
48_-5(w=3.500000) len(seq)=6
旋律		模型输出	实际结果
[48 48 48 48 ]	[0 4 8 ]	(36 40 43 )
[48 48 50 50 ]	[0 4 8 ]	(36 40 43 )
[48 48 48 48 ]	[0 4 8 ]	(36 40 43 )
[48 48 48 48 ]	[0 4 8 ]	(36 40 43 )
[0 0 0 0 ]	[0 4 8 ]	(36 40 43 )
[0 0 0 0 ]	[0 4 8 ]	(36 40 43 )
输入数据：
0-4-7=6
7-10-2=8
5-9-0=12
7-11-2=6
5-9-0=4
输入序列：
6 122 48 83 26 

bayes用时0.000109秒

输出和弦：41 45 48 

输入音符：0
输入音符：0
输入音符：48
输入音符：48

hmm用时0.005442秒
48_-5(w=3.500000) len(seq)=7
旋律		模型输出	实际结果
[48 48 48 48 ]	[0 4 8 ]	(36 40 43 )
[48 48 50 50 ]	[0 4 8 ]	(36 40 43 )
[48 48 48 48 ]	[0 4 8 ]	(36 40 43 )
[48 48 48 48 ]	[0 4 8 ]	(36 40 43 )
[0 0 0 0 ]	[0 4 8 ]	(36 40 43 )
[0 0 0 0 ]	[0 4 8 ]	(36 40 43 )
[0 0 48 48 ]	[0 4 8 ]	(36 40 43 )
输入数据：
0-4-7=7
7-10-2=8
5-9-0=12
7-11-2=6
5-9-0=4
输入序列：
10 122 48 83 26 

bayes用时0.000111秒

输出和弦：41 45 48 

输入音符：48
输入音符：48
输入音符：48
输入音符：48

hmm用时0.006136秒
48_-5(w=3.500000) len(seq)=8
旋律		模型输出	实际结果
[48 48 48 48 ]	[0 4 8 ]	(36 40 43 )
[48 48 50 50 ]	[0 4 8 ]	(36 40 43 )
[48 48 48 48 ]	[0 4 8 ]	(36 40 43 )
[48 48 48 48 ]	[0 4 8 ]	(36 40 43 )
[0 0 0 0 ]	[0 4 8 ]	(36 40 43 )
[0 0 0 0 ]	[0 4 8 ]	(36 40 43 )
[0 0 48 48 ]	[0 4 8 ]	(36 40 43 )
[48 48 48 48 ]	[0 4 8 ]	(36 40 43 )
输入数据：
0-4-7=8
7-10-2=8
5-9-0=12
7-11-2=6
5-9-0=4
输入序列：
21 122 48 83 26 

bayes用时0.000124秒

输出和弦：41 45 48 

输入音符：48
输入音符：48
输入音符：48
输入音符：48

hmm用时0.006534秒
48_-5(w=3.500000) len(seq)=9
旋律		模型输出	实际结果
[48 48 48 48 ]	[]	()
[48 48 50 50 ]	[]	()
[48 48 48 48 ]	[]	()
[48 48 48 48 ]	[]	()
[0 0 0 0 ]	[]	()
[0 0 0 0 ]	[]	()
[0 0 48 48 ]	[]	()
[48 48 48 48 ]	[]	()
[48 48 48 48 ]	[]	()
输入数据：
7-10-2=8
5-9-0=12
7-11-2=6
5-9-0=4
输入序列：
122 48 83 26 -1 

bayes用时0.000063秒

输出和弦：24 28 31 

输入音符：50
输入音符：50
输入音符：45
输入音符：45

hmm用时0.008419秒
45_m3(w=4.500000) len(seq)=10
旋律		模型输出	实际结果
[48 48 48 48 ]	[7 12 2 6 ]	(27 31 35 38 )
[48 48 50 50 ]	[7 12 2 6 ]	(27 31 35 38 )
[48 48 48 48 ]	[7 12 2 6 ]	(27 31 35 38 )
[48 48 48 48 ]	[7 12 2 6 ]	(27 31 35 38 )
[0 0 0 0 ]	[7 12 2 6 ]	(27 31 35 38 )
[0 0 0 0 ]	[7 12 2 6 ]	(27 31 35 38 )
[0 0 48 48 ]	[7 12 2 6 ]	(27 31 35 38 )
[48 48 48 48 ]	[7 12 2 6 ]	(27 31 35 38 )
[48 48 48 48 ]	[7 12 2 6 ]	(27 31 35 38 )
[50 50 45 45 ]	[7 12 2 6 ]	(27 31 35 38 )
输入数据：
3-7-11-2=10
7-10-2=8
5-9-0=12
7-11-2=6
5-9-0=4
输入序列：
391 122 48 83 26 

bayes用时0.000067秒

输出和弦：27 31 35 38 

输入音符：45
输入音符：45
输入音符：45
输入音符：45

hmm用时0.009414秒
45_m3(w=4.500000) len(seq)=11
旋律		模型输出	实际结果
[48 48 48 48 ]	[10 0 4 ]	(29 33 36 )
[48 48 50 50 ]	[10 0 4 ]	(29 33 36 )
[48 48 48 48 ]	[10 0 4 ]	(29 33 36 )
[48 48 48 48 ]	[10 0 4 ]	(29 33 36 )
[0 0 0 0 ]	[10 0 4 ]	(29 33 36 )
[0 0 0 0 ]	[10 0 4 ]	(29 33 36 )
[0 0 48 48 ]	[10 0 4 ]	(29 33 36 )
[48 48 48 48 ]	[10 0 4 ]	(29 33 36 )
[48 48 48 48 ]	[10 0 4 ]	(29 33 36 )
[50 50 45 45 ]	[10 0 4 ]	(29 33 36 )
[45 45 45 45 ]	[10 0 4 ]	(29 33 36 )
输入数据：
5-9-0=11
7-10-2=8
5-9-0=12
7-11-2=6
5-9-0=4
输入序列：
1711 122 48 83 26 

bayes用时0.000043秒

输出和弦：24 28 31 

输入音符：45
输入音符：45
输入音符：45
输入音符：45

hmm用时0.009156秒
45_m3(w=4.500000) len(seq)=12
旋律		模型输出	实际结果
[48 48 48 48 ]	[10 0 4 ]	(29 33 36 )
[48 48 50 50 ]	[10 0 4 ]	(29 33 36 )
[48 48 48 48 ]	[10 0 4 ]	(29 33 36 )
[48 48 48 48 ]	[10 0 4 ]	(29 33 36 )
[0 0 0 0 ]	[10 0 4 ]	(29 33 36 )
[0 0 0 0 ]	[10 0 4 ]	(29 33 36 )
[0 0 48 48 ]	[10 0 4 ]	(29 33 36 )
[48 48 48 48 ]	[10 0 4 ]	(29 33 36 )
[48 48 48 48 ]	[10 0 4 ]	(29 33 36 )
[50 50 45 45 ]	[10 0 4 ]	(29 33 36 )
[45 45 45 45 ]	[10 0 4 ]	(29 33 36 )
[45 45 45 45 ]	[10 0 4 ]	(29 33 36 )
输入数据：
5-9-0=12
7-10-2=8
5-9-0=12
7-11-2=6
5-9-0=4
输入序列：
48 122 48 83 26 

bayes用时0.000096秒

输出和弦：24 28 31 

输入音符：0
输入音符：0
输入音符：0
输入音符：0

hmm用时0.008622秒
45_m3(w=4.500000) len(seq)=13
旋律		模型输出	实际结果
[48 48 48 48 ]	[7 12 2 6 ]	(27 31 35 38 )
[48 48 50 50 ]	[7 12 2 6 ]	(27 31 35 38 )
[48 48 48 48 ]	[7 12 2 6 ]	(27 31 35 38 )
[48 48 48 48 ]	[7 12 2 6 ]	(27 31 35 38 )
[0 0 0 0 ]	[7 12 2 6 ]	(27 31 35 38 )
[0 0 0 0 ]	[7 12 2 6 ]	(27 31 35 38 )
[0 0 48 48 ]	[7 12 2 6 ]	(27 31 35 38 )
[48 48 48 48 ]	[7 12 2 6 ]	(27 31 35 38 )
[48 48 48 48 ]	[7 12 2 6 ]	(27 31 35 38 )
[50 50 45 45 ]	[7 12 2 6 ]	(27 31 35 38 )
[45 45 45 45 ]	[7 12 2 6 ]	(27 31 35 38 )
[45 45 45 45 ]	[7 12 2 6 ]	(27 31 35 38 )
[0 0 0 0 ]	[7 12 2 6 ]	(27 31 35 38 )
输入数据：
3-7-11-2=13
7-10-2=8
5-9-0=12
7-11-2=6
5-9-0=4
输入序列：
391 122 48 83 26 

bayes用时0.000024秒

输出和弦：27 31 35 38 

输入音符：0
输入音符：0
输入音符：0
输入音符：0

hmm用时0.010422秒
45_m3(w=4.500000) len(seq)=14
旋律		模型输出	实际结果
[48 48 48 48 ]	[0 4 8 ]	(33 36 40 )
[48 48 50 50 ]	[0 4 8 ]	(33 36 40 )
[48 48 48 48 ]	[0 4 8 ]	(33 36 40 )
[48 48 48 48 ]	[0 4 8 ]	(33 36 40 )
[0 0 0 0 ]	[0 4 8 ]	(33 36 40 )
[0 0 0 0 ]	[0 4 8 ]	(33 36 40 )
[0 0 48 48 ]	[0 4 8 ]	(33 36 40 )
[48 48 48 48 ]	[0 4 8 ]	(33 36 40 )
[48 48 48 48 ]	[0 4 8 ]	(33 36 40 )
[50 50 45 45 ]	[0 4 8 ]	(33 36 40 )
[45 45 45 45 ]	[0 4 8 ]	(33 36 40 )
[45 45 45 45 ]	[0 4 8 ]	(33 36 40 )
[0 0 0 0 ]	[0 4 8 ]	(33 36 40 )
[0 0 0 0 ]	[0 4 8 ]	(33 36 40 )
输入数据：
9-0-4=14
7-10-2=8
5-9-0=12
7-11-2=6
5-9-0=4
输入序列：
90 122 48 83 26 

bayes用时0.000037秒

输出和弦：24 28 31 

输入音符：45
输入音符：45
输入音符：45
输入音符：45

hmm用时0.011476秒
45_m3(w=4.500000) len(seq)=15
旋律		模型输出	实际结果
[48 48 48 48 ]	[0 4 8 ]	(33 36 40 )
[48 48 50 50 ]	[0 4 8 ]	(33 36 40 )
[48 48 48 48 ]	[0 4 8 ]	(33 36 40 )
[48 48 48 48 ]	[0 4 8 ]	(33 36 40 )
[0 0 0 0 ]	[0 4 8 ]	(33 36 40 )
[0 0 0 0 ]	[0 4 8 ]	(33 36 40 )
[0 0 48 48 ]	[0 4 8 ]	(33 36 40 )
[48 48 48 48 ]	[0 4 8 ]	(33 36 40 )
[48 48 48 48 ]	[0 4 8 ]	(33 36 40 )
[50 50 45 45 ]	[0 4 8 ]	(33 36 40 )
[45 45 45 45 ]	[0 4 8 ]	(33 36 40 )
[45 45 45 45 ]	[0 4 8 ]	(33 36 40 )
[0 0 0 0 ]	[0 4 8 ]	(33 36 40 )
[0 0 0 0 ]	[0 4 8 ]	(33 36 40 )
[45 45 45 45 ]	[0 4 8 ]	(33 36 40 )
输入数据：
9-0-4=15
7-10-2=8
5-9-0=12
7-11-2=6
5-9-0=4
输入序列：
1632 122 48 83 26 

bayes用时0.000045秒

输出和弦：26 30 33 36 

输入音符：45
输入音符：45
输入音符：45
输入音符：45

hmm用时0.012002秒
45_m3(w=4.500000) len(seq)=15
旋律		模型输出	实际结果
[48 48 48 48 ]	[0 4 8 ]	(33 36 40 )
[48 48 50 50 ]	[0 4 8 ]	(33 36 40 )
[48 48 48 48 ]	[0 4 8 ]	(33 36 40 )
[48 48 48 48 ]	[0 4 8 ]	(33 36 40 )
[0 0 0 0 ]	[0 4 8 ]	(33 36 40 )
[0 0 0 0 ]	[0 4 8 ]	(33 36 40 )
[0 0 48 48 ]	[0 4 8 ]	(33 36 40 )
[48 48 48 48 ]	[0 4 8 ]	(33 36 40 )
[48 48 48 48 ]	[0 4 8 ]	(33 36 40 )
[50 50 45 45 ]	[0 4 8 ]	(33 36 40 )
[45 45 45 45 ]	[0 4 8 ]	(33 36 40 )
[45 45 45 45 ]	[0 4 8 ]	(33 36 40 )
[0 0 0 0 ]	[0 4 8 ]	(33 36 40 )
[0 0 0 0 ]	[0 4 8 ]	(33 36 40 )
[45 45 45 45 ]	[0 4 8 ]	(33 36 40 )

hmm用时0.001339秒
45_-5(w=2.000000) len(seq)=1
旋律		模型输出	实际结果
[45 45 45 45 ]	[]	()
输入数据：
9-0-4=15
7-10-2=8
5-9-0=12
7-11-2=6
5-9-0=4
输入序列：
1632 122 48 83 26 

bayes用时0.000044秒

输出和弦：26 30 33 36 

输入音符：0
输入音符：0
输入音符：0
输入音符：0

hmm用时0.001559秒
45_-5(w=2.000000) len(seq)=2
旋律		模型输出	实际结果
[45 45 45 45 ]	[0 4 8 ]	(33 36 40 )
[0 0 0 0 ]	[0 4 8 ]	(33 36 40 )
输入数据：
9-0-4=17
7-10-2=8
5-9-0=12
7-11-2=6
5-9-0=4
输入序列：
1148 122 48 83 26 

bayes用时0.000017秒

输出和弦：26 29 33 

输入音符：0
输入音符：0
输入音符：0
输入音符：0

hmm用时0.001910秒
45_-5(w=2.000000) len(seq)=3
旋律		模型输出	实际结果
[45 45 45 45 ]	[0 4 8 ]	(33 36 40 )
[0 0 0 0 ]	[0 4 8 ]	(33 36 40 )
[0 0 0 0 ]	[0 4 8 ]	(33 36 40 )
输入数据：
9-0-4=18
7-10-2=8
5-9-0=12
7-11-2=6
5-9-0=4
输入序列：
3033 122 48 83 26 

bayes用时0.000045秒

输出和弦：33 36 40 

输入音符：0
输入音符：0
输入音符：45
输入音符：45

hmm用时0.003188秒
45_-5(w=2.000000) len(seq)=4
旋律		模型输出	实际结果
[45 45 45 45 ]	[0 4 8 ]	(33 36 40 )
[0 0 0 0 ]	[0 4 8 ]	(33 36 40 )
[0 0 0 0 ]	[0 4 8 ]	(33 36 40 )
[0 0 45 45 ]	[0 4 8 ]	(33 36 40 )
输入数据：
9-0-4=19
7-10-2=8
5-9-0=12
7-11-2=6
5-9-0=4
输入序列：
1513 122 48 83 26 

bayes用时0.000025秒

输出和弦：24 28 31 34 

输入音符：45
输入音符：45
输入音符：45
输入音符：45

hmm用时0.003091秒
45_-5(w=2.000000) len(seq)=5
旋律		模型输出	实际结果
[45 45 45 45 ]	[0 4 8 ]	(33 36 40 )
[0 0 0 0 ]	[0 4 8 ]	(33 36 40 )
[0 0 0 0 ]	[0 4 8 ]	(33 36 40 )
[0 0 45 45 ]	[0 4 8 ]	(33 36 40 )
[45 45 45 45 ]	[0 4 8 ]	(33 36 40 )
输入数据：
9-0-4=20
7-10-2=8
5-9-0=12
7-11-2=6
5-9-0=4
输入序列：
1513 122 48 83 26 

bayes用时0.000042秒

输出和弦：24 28 31 34 

输入音符：50
输入音符：50
输入音符：50
输入音符：50

hmm用时0.004498秒
45_sus(w=1.000000) len(seq)=6
旋律		模型输出	实际结果
[45 45 45 45 ]	[0 4 8 ]	(33 36 40 )
[0 0 0 0 ]	[0 4 8 ]	(33 36 40 )
[0 0 0 0 ]	[0 4 8 ]	(33 36 40 )
[0 0 45 45 ]	[0 4 8 ]	(33 36 40 )
[45 45 45 45 ]	[0 4 8 ]	(33 36 40 )
[50 50 50 50 ]	[0 4 8 ]	(33 36 40 )
输入数据：
9-0-4=21
7-10-2=8
5-9-0=12
7-11-2=6
5-9-0=4
输入序列：
3582 122 48 83 26 

bayes用时0.000037秒

输出和弦：26 29 33 

输入音符：50
输入音符：50
输入音符：50
输入音符：50

hmm用时0.005529秒
45_sus(w=1.000000) len(seq)=7
旋律		模型输出	实际结果
[45 45 45 45 ]	[]	()
[0 0 0 0 ]	[]	()
[0 0 0 0 ]	[]	()
[0 0 45 45 ]	[]	()
[45 45 45 45 ]	[]	()
[50 50 50 50 ]	[]	()
[50 50 50 50 ]	[]	()
输入数据：
9-0-4=15
7-10-2=8
5-9-0=12
7-11-2=6
5-9-0=4
输入序列：
1632 122 48 83 26 

bayes用时0.000055秒

输出和弦：26 30 33 36 

输入音符：50
输入音符：50
输入音符：46
输入音符：46

hmm用时0.004803秒
45_sus(w=1.000000) len(seq)=7
旋律		模型输出	实际结果
[45 45 45 45 ]	[]	()
[0 0 0 0 ]	[]	()
[0 0 0 0 ]	[]	()
[0 0 45 45 ]	[]	()
[45 45 45 45 ]	[]	()
[50 50 50 50 ]	[]	()
[50 50 50 50 ]	[]	()

hmm用时0.001245秒
46_-5(w=1.000000) len(seq)=1
旋律		模型输出	实际结果
[50 50 46 46 ]	[0 5 8 ]	(34 38 40 )
输入数据：
10-2-4=1
9-0-4=15
7-10-2=8
5-9-0=12
7-11-2=6
输入序列：
-1 1632 122 48 83 

bayes用时0.000123秒

输出和弦：34 38 40 

输入音符：46
输入音符：46
输入音符：46
输入音符：46

hmm用时0.001878秒
46_-5(w=1.000000) len(seq)=2
旋律		模型输出	实际结果
[50 50 46 46 ]	[0 5 8 ]	(34 38 40 )
[46 46 46 46 ]	[0 5 8 ]	(34 38 40 )
输入数据：
10-2-4=2
9-0-4=15
7-10-2=8
5-9-0=12
7-11-2=6
输入序列：
-1 1632 122 48 83 

bayes用时0.000113秒

输出和弦：34 38 40 

输入音符：0
输入音符：0
输入音符：0
输入音符：0

hmm用时0.002813秒
46_-5(w=1.000000) len(seq)=3
旋律		模型输出	实际结果
[50 50 46 46 ]	[0 5 8 ]	(34 38 40 )
[46 46 46 46 ]	[0 5 8 ]	(34 38 40 )
[0 0 0 0 ]	[0 5 8 ]	(34 38 40 )
输入数据：
10-2-4=3
9-0-4=15
7-10-2=8
5-9-0=12
7-11-2=6
输入序列：
-1 1632 122 48 83 

bayes用时0.000152秒

输出和弦：34 38 40 

输入音符：0
输入音符：0
输入音符：0
输入音符：0

hmm用时0.003841秒
46_-5(w=1.000000) len(seq)=4
旋律		模型输出	实际结果
[50 50 46 46 ]	[0 4 8 ]	(34 37 40 )
[46 46 46 46 ]	[0 4 8 ]	(34 37 40 )
[0 0 0 0 ]	[0 4 8 ]	(34 37 40 )
[0 0 0 0 ]	[0 4 8 ]	(34 37 40 )
输入数据：
10-1-4=4
9-0-4=15
7-10-2=8
5-9-0=12
7-11-2=6
输入序列：
937 1632 122 48 83 

bayes用时0.000035秒

输出和弦：34 37 40 

输入音符：0
输入音符：0
输入音符：0
输入音符：0

hmm用时0.004622秒
46_-5(w=1.000000) len(seq)=5
旋律		模型输出	实际结果
[50 50 46 46 ]	[0 4 8 ]	(34 37 40 )
[46 46 46 46 ]	[0 4 8 ]	(34 37 40 )
[0 0 0 0 ]	[0 4 8 ]	(34 37 40 )
[0 0 0 0 ]	[0 4 8 ]	(34 37 40 )
[0 0 0 0 ]	[0 4 8 ]	(34 37 40 )
输入数据：
10-1-4=5
9-0-4=15
7-10-2=8
5-9-0=12
7-11-2=6
输入序列：
3632 1632 122 48 83 

bayes用时0.000033秒

输出和弦：34 37 40 

输入音符：43
输入音符：43
输入音符：43
输入音符：43

hmm用时0.004986秒
43_m3(w=0.000000) len(seq)=6
旋律		模型输出	实际结果
[50 50 46 46 ]	[9 0 3 ]	(27 31 34 )
[46 46 46 46 ]	[9 0 3 ]	(27 31 34 )
[0 0 0 0 ]	[0 4 8 ]	(31 35 38 )
[0 0 0 0 ]	[0 4 8 ]	(31 35 38 )
[0 0 0 0 ]	[0 4 8 ]	(31 35 38 )
[43 43 43 43 ]	[0 4 8 ]	(31 35 38 )
输入数据：
7-11-2=4
3-7-10=2
9-0-4=15
7-10-2=8
5-9-0=12
输入序列：
20 51 1632 122 48 

bayes用时0.000127秒

输出和弦：31 35 38 

输入音符：48
输入音符：48
输入音符：48
输入音符：48

hmm用时0.004828秒
43_m3(w=0.000000) len(seq)=6
旋律		模型输出	实际结果
[50 50 46 46 ]	[9 0 3 ]	(27 31 34 )
[46 46 46 46 ]	[9 0 3 ]	(27 31 34 )
[0 0 0 0 ]	[0 4 8 ]	(31 35 38 )
[0 0 0 0 ]	[0 4 8 ]	(31 35 38 )
[0 0 0 0 ]	[0 4 8 ]	(31 35 38 )
[43 43 43 43 ]	[0 4 8 ]	(31 35 38 )

hmm用时0.001299秒
48_-5(w=2.000000) len(seq)=1
旋律		模型输出	实际结果
[48 48 48 48 ]	[]	()
输入数据：
7-11-2=4
3-7-10=2
9-0-4=15
7-10-2=8
5-9-0=12
输入序列：
20 51 1632 122 48 

bayes用时0.000175秒

输出和弦：31 35 38 

输入音符：48
输入音符：48
输入音符：50
输入音符：48

hmm用时0.002002秒
48_-5(w=2.500000) len(seq)=2
旋律		模型输出	实际结果
[48 48 48 48 ]	[]	()
[48 48 50 48 ]	[]	()
输入数据：
7-11-2=4
3-7-10=2
9-0-4=15
7-10-2=8
5-9-0=12
输入序列：
20 51 1632 122 48 

bayes用时0.000141秒

输出和弦：31 35 38 

输入音符：48
输入音符：48
输入音符：48
输入音符：48

hmm用时0.002715秒
48_-5(w=2.500000) len(seq)=3
旋律		模型输出	实际结果
[48 48 48 48 ]	[]	()
[48 48 50 48 ]	[]	()
[48 48 48 48 ]	[]	()
输入数据：
7-11-2=4
3-7-10=2
9-0-4=15
7-10-2=8
5-9-0=12
输入序列：
20 51 1632 122 48 

bayes用时0.000142秒

输出和弦：31 35 38 

输入音符：48
输入音符：48
输入音符：48
输入音符：48

hmm用时0.003443秒
48_-5(w=2.500000) len(seq)=4
旋律		模型输出	实际结果
[48 48 48 48 ]	[]	()
[48 48 50 48 ]	[]	()
[48 48 48 48 ]	[]	()
[48 48 48 48 ]	[]	()
输入数据：
7-11-2=4
3-7-10=2
9-0-4=15
7-10-2=8
5-9-0=12
输入序列：
20 51 1632 122 48 

bayes用时0.000142秒

输出和弦：31 35 38 

输入音符：0
输入音符：0
输入音符：0
输入音符：0

hmm用时0.004226秒
48_-5(w=2.500000) len(seq)=5
旋律		模型输出	实际结果
[48 48 48 48 ]	[]	()
[48 48 50 48 ]	[]	()
[48 48 48 48 ]	[]	()
[48 48 48 48 ]	[]	()
[0 0 0 0 ]	[]	()
输入数据：
7-11-2=4
3-7-10=2
9-0-4=15
7-10-2=8
5-9-0=12
输入序列：
20 51 1632 122 48 

bayes用时0.000142秒

输出和弦：31 35 38 

输入音符：0
输入音符：0
输入音符：0
输入音符：0

hmm用时0.004921秒
48_-5(w=2.500000) len(seq)=6
旋律		模型输出	实际结果
[48 48 48 48 ]	[0 4 8 ]	(36 40 43 )
[48 48 50 48 ]	[0 4 8 ]	(36 40 43 )
[48 48 48 48 ]	[0 4 8 ]	(36 40 43 )
[48 48 48 48 ]	[0 4 8 ]	(36 40 43 )
[0 0 0 0 ]	[0 4 8 ]	(36 40 43 )
[0 0 0 0 ]	[0 4 8 ]	(36 40 43 )
输入数据：
0-4-7=6
7-11-2=4
3-7-10=2
9-0-4=15
7-10-2=8
输入序列：
6 20 51 1632 122 

bayes用时0.000144秒

输出和弦：36 40 43 

输入音符：0
输入音符：0
输入音符：0
输入音符：0

hmm用时0.005585秒
48_-5(w=2.500000) len(seq)=7
旋律		模型输出	实际结果
[48 48 48 48 ]	[0 4 8 ]	(36 40 43 )
[48 48 50 48 ]	[0 4 8 ]	(36 40 43 )
[48 48 48 48 ]	[0 4 8 ]	(36 40 43 )
[48 48 48 48 ]	[0 4 8 ]	(36 40 43 )
[0 0 0 0 ]	[0 4 8 ]	(36 40 43 )
[0 0 0 0 ]	[0 4 8 ]	(36 40 43 )
[0 0 0 0 ]	[0 4 8 ]	(36 40 43 )
输入数据：
0-4-7=7
7-11-2=4
3-7-10=2
9-0-4=15
7-10-2=8
输入序列：
10 20 51 1632 122 

bayes用时0.000091秒

输出和弦：36 40 43 

输入音符：48
输入音符：48
输入音符：48
输入音符：48

hmm用时0.005071秒
48_-5(w=2.500000) len(seq)=8
旋律		模型输出	实际结果
[48 48 48 48 ]	[0 4 8 ]	(36 40 43 )
[48 48 50 48 ]	[0 4 8 ]	(36 40 43 )
[48 48 48 48 ]	[0 4 8 ]	(36 40 43 )
[48 48 48 48 ]	[0 4 8 ]	(36 40 43 )
[0 0 0 0 ]	[0 4 8 ]	(36 40 43 )
[0 0 0 0 ]	[0 4 8 ]	(36 40 43 )
[0 0 0 0 ]	[0 4 8 ]	(36 40 43 )
[48 48 48 48 ]	[0 4 8 ]	(36 40 43 )
输入数据：
0-4-7=8
7-11-2=4
3-7-10=2
9-0-4=15
7-10-2=8
输入序列：
21 20 51 1632 122 

bayes用时0.000149秒

输出和弦：36 40 43 

输入音符：48
输入音符：48
输入音符：48
输入音符：48

hmm用时0.008519秒
48_-5(w=2.500000) len(seq)=9
旋律		模型输出	实际结果
[48 48 48 48 ]	[0 4 8 ]	(36 40 43 )
[48 48 50 48 ]	[0 4 8 ]	(36 40 43 )
[48 48 48 48 ]	[0 4 8 ]	(36 40 43 )
[48 48 48 48 ]	[0 4 8 ]	(36 40 43 )
[0 0 0 0 ]	[0 4 8 ]	(36 40 43 )
[0 0 0 0 ]	[0 4 8 ]	(36 40 43 )
[0 0 0 0 ]	[0 4 8 ]	(36 40 43 )
[48 48 48 48 ]	[0 4 8 ]	(36 40 43 )
[48 48 48 48 ]	[0 4 8 ]	(36 40 43 )
输入数据：
0-4-7=9
7-11-2=4
3-7-10=2
9-0-4=15
7-10-2=8
输入序列：
115 20 51 1632 122 

bayes用时0.000135秒

输出和弦：36 40 43 

输入音符：48
输入音符：48
输入音符：48
输入音符：50

hmm用时0.008486秒
48_-5(w=3.500000) len(seq)=10
旋律		模型输出	实际结果
[48 48 48 48 ]	[0 4 8 ]	(36 40 43 )
[48 48 50 48 ]	[0 4 8 ]	(36 40 43 )
[48 48 48 48 ]	[0 4 8 ]	(36 40 43 )
[48 48 48 48 ]	[0 4 8 ]	(36 40 43 )
[0 0 0 0 ]	[0 4 8 ]	(36 40 43 )
[0 0 0 0 ]	[0 4 8 ]	(36 40 43 )
[0 0 0 0 ]	[0 4 8 ]	(36 40 43 )
[48 48 48 48 ]	[0 4 8 ]	(36 40 43 )
[48 48 48 48 ]	[0 4 8 ]	(36 40 43 )
[48 48 48 50 ]	[0 4 8 ]	(36 40 43 )
输入数据：
0-4-7=10
7-11-2=4
3-7-10=2
9-0-4=15
7-10-2=8
输入序列：
74 20 51 1632 122 

bayes用时0.000078秒

输出和弦：36 40 43 

输入音符：50
输入音符：50
输入音符：50
输入音符：50

hmm用时0.007721秒
48_-5(w=3.500000) len(seq)=10
旋律		模型输出	实际结果
[48 48 48 48 ]	[0 4 8 ]	(36 40 43 )
[48 48 50 48 ]	[0 4 8 ]	(36 40 43 )
[48 48 48 48 ]	[0 4 8 ]	(36 40 43 )
[48 48 48 48 ]	[0 4 8 ]	(36 40 43 )
[0 0 0 0 ]	[0 4 8 ]	(36 40 43 )
[0 0 0 0 ]	[0 4 8 ]	(36 40 43 )
[0 0 0 0 ]	[0 4 8 ]	(36 40 43 )
[48 48 48 48 ]	[0 4 8 ]	(36 40 43 )
[48 48 48 48 ]	[0 4 8 ]	(36 40 43 )
[48 48 48 50 ]	[0 4 8 ]	(36 40 43 )

hmm用时0.001327秒
50_-5(w=2.000000) len(seq)=1
旋律		模型输出	实际结果
[50 50 50 50 ]	[]	()
输入数据：
0-4-7=10
7-11-2=4
3-7-10=2
9-0-4=15
7-10-2=8
输入序列：
74 20 51 1632 122 

bayes用时0.000077秒

输出和弦：36 40 43 

输入音符：50
输入音符：50
输入音符：50
输入音符：50

hmm用时0.001935秒
50_-5(w=2.000000) len(seq)=2
旋律		模型输出	实际结果
[50 50 50 50 ]	[]	()
[50 50 50 50 ]	[]	()
输入数据：
0-4-7=10
7-11-2=4
3-7-10=2
9-0-4=15
7-10-2=8
输入序列：
74 20 51 1632 122 

bayes用时0.000076秒

输出和弦：36 40 43 

输入音符：0
输入音符：0
输入音符：0
输入音符：0

hmm用时0.002835秒
50_-5(w=2.000000) len(seq)=3
旋律		模型输出	实际结果
[50 50 50 50 ]	[0 4 8 ]	(38 41 45 )
[50 50 50 50 ]	[0 4 8 ]	(38 41 45 )
[0 0 0 0 ]	[0 4 8 ]	(38 41 45 )
输入数据：
2-5-9=3
0-4-7=10
7-11-2=4
3-7-10=2
9-0-4=15
输入序列：
95 74 20 51 1632 

bayes用时0.000102秒

输出和弦：36 40 43 

输入音符：0
输入音符：0
输入音符：0
输入音符：0

hmm用时0.003539秒
50_-5(w=2.000000) len(seq)=4
旋律		模型输出	实际结果
[50 50 50 50 ]	[0 4 8 ]	(38 41 45 )
[50 50 50 50 ]	[0 4 8 ]	(38 41 45 )
[0 0 0 0 ]	[0 4 8 ]	(38 41 45 )
[0 0 0 0 ]	[0 4 8 ]	(38 41 45 )
输入数据：
2-5-9=4
0-4-7=10
7-11-2=4
3-7-10=2
9-0-4=15
输入序列：
68 74 20 51 1632 

bayes用时0.000095秒

输出和弦：36 40 43 

输入音符：0
输入音符：0
输入音符：0
输入音符：0

hmm用时0.004197秒
50_-5(w=2.000000) len(seq)=5
旋律		模型输出	实际结果
[50 50 50 50 ]	[0 4 8 ]	(38 41 45 )
[50 50 50 50 ]	[0 4 8 ]	(38 41 45 )
[0 0 0 0 ]	[0 4 8 ]	(38 41 45 )
[0 0 0 0 ]	[0 4 8 ]	(38 41 45 )
[0 0 0 0 ]	[0 4 8 ]	(38 41 45 )
输入数据：
2-5-9=5
0-4-7=10
7-11-2=4
3-7-10=2
9-0-4=15
输入序列：
113 74 20 51 1632 

bayes用时0.000060秒

输出和弦：36 40 43 

输入音符：50
输入音符：50
输入音符：50
输入音符：50

hmm用时0.005112秒
50_-5(w=2.000000) len(seq)=6
旋律		模型输出	实际结果
[50 50 50 50 ]	[0 4 8 ]	(38 41 45 )
[50 50 50 50 ]	[0 4 8 ]	(38 41 45 )
[0 0 0 0 ]	[0 4 8 ]	(38 41 45 )
[0 0 0 0 ]	[0 4 8 ]	(38 41 45 )
[0 0 0 0 ]	[0 4 8 ]	(38 41 45 )
[50 50 50 50 ]	[0 4 8 ]	(38 41 45 )
输入数据：
2-5-9=6
0-4-7=10
7-11-2=4
3-7-10=2
9-0-4=15
输入序列：
86 74 20 51 1632 

bayes用时0.000119秒

输出和弦：36 40 43 

输入音符：53
输入音符：53
输入音符：53
输入音符：53

hmm用时0.005647秒
50_m3(w=1.000000) len(seq)=7
旋律		模型输出	实际结果
[50 50 50 50 ]	[0 4 8 ]	(38 41 45 )
[50 50 50 50 ]	[0 4 8 ]	(38 41 45 )
[0 0 0 0 ]	[0 4 8 ]	(38 41 45 )
[0 0 0 0 ]	[0 4 8 ]	(38 41 45 )
[0 0 0 0 ]	[0 4 8 ]	(38 41 45 )
[50 50 50 50 ]	[0 4 8 ]	(38 41 45 )
[53 53 53 53 ]	[0 4 8 ]	(38 41 45 )
输入数据：
2-5-9=7
0-4-7=10
7-11-2=4
3-7-10=2
9-0-4=15
输入序列：
538 74 20 51 1632 

bayes用时0.000048秒

输出和弦：36 40 43 

输入音符：53
输入音符：53
输入音符：50
输入音符：50

hmm用时0.006351秒
50_m3(w=1.000000) len(seq)=8
旋律		模型输出	实际结果
[50 50 50 50 ]	[0 4 8 ]	(38 41 45 )
[50 50 50 50 ]	[0 4 8 ]	(38 41 45 )
[0 0 0 0 ]	[0 4 8 ]	(38 41 45 )
[0 0 0 0 ]	[0 4 8 ]	(38 41 45 )
[0 0 0 0 ]	[0 4 8 ]	(38 41 45 )
[50 50 50 50 ]	[0 4 8 ]	(38 41 45 )
[53 53 53 53 ]	[0 4 8 ]	(38 41 45 )
[53 53 50 50 ]	[0 4 8 ]	(38 41 45 )
输入数据：
2-5-9=8
0-4-7=10
7-11-2=4
3-7-10=2
9-0-4=15
输入序列：
76 74 20 51 1632 

bayes用时0.000079秒

输出和弦：36 40 43 

输入音符：53
输入音符：53
输入音符：53
输入音符：53

hmm用时0.006903秒
50_m3(w=1.000000) len(seq)=9
旋律		模型输出	实际结果
[50 50 50 50 ]	[0 4 8 ]	(38 41 45 )
[50 50 50 50 ]	[0 4 8 ]	(38 41 45 )
[0 0 0 0 ]	[0 4 8 ]	(38 41 45 )
[0 0 0 0 ]	[0 4 8 ]	(38 41 45 )
[0 0 0 0 ]	[0 4 8 ]	(38 41 45 )
[50 50 50 50 ]	[0 4 8 ]	(38 41 45 )
[53 53 53 53 ]	[0 4 8 ]	(38 41 45 )
[53 53 50 50 ]	[0 4 8 ]	(38 41 45 )
[53 53 53 53 ]	[0 4 8 ]	(38 41 45 )
输入数据：
2-5-9=9
0-4-7=10
7-11-2=4
3-7-10=2
9-0-4=15
输入序列：
173 74 20 51 1632 

bayes用时0.000045秒

输出和弦：38 41 45 

输入音符：53
输入音符：53
输入音符：53
输入音符：53

hmm用时0.006799秒
50_m3(w=1.000000) len(seq)=10
旋律		模型输出	实际结果
[50 50 50 50 ]	[0 4 8 ]	(38 41 45 )
[50 50 50 50 ]	[0 4 8 ]	(38 41 45 )
[0 0 0 0 ]	[0 4 8 ]	(38 41 45 )
[0 0 0 0 ]	[0 4 8 ]	(38 41 45 )
[0 0 0 0 ]	[0 4 8 ]	(38 41 45 )
[50 50 50 50 ]	[0 4 8 ]	(38 41 45 )
[53 53 53 53 ]	[0 4 8 ]	(38 41 45 )
[53 53 50 50 ]	[0 4 8 ]	(38 41 45 )
[53 53 53 53 ]	[0 4 8 ]	(38 41 45 )
[53 53 53 53 ]	[0 4 8 ]	(38 41 45 )
输入数据：
2-5-9=10
0-4-7=10
7-11-2=4
3-7-10=2
9-0-4=15
输入序列：
124 74 20 51 1632 

bayes用时0.000030秒

输出和弦：38 41 45 

输入音符：53
输入音符：53
输入音符：53
输入音符：53

hmm用时0.007759秒
50_m3(w=1.000000) len(seq)=11
旋律		模型输出	实际结果
[50 50 50 50 ]	[0 4 8 ]	(38 41 45 )
[50 50 50 50 ]	[0 4 8 ]	(38 41 45 )
[0 0 0 0 ]	[0 4 8 ]	(38 41 45 )
[0 0 0 0 ]	[0 4 8 ]	(38 41 45 )
[0 0 0 0 ]	[0 4 8 ]	(38 41 45 )
[50 50 50 50 ]	[10 0 4 ]	(35 38 41 )
[53 53 53 53 ]	[10 0 4 ]	(35 38 41 )
[53 53 50 50 ]	[10 0 4 ]	(35 38 41 )
[53 53 53 53 ]	[10 0 4 ]	(35 38 41 )
[53 53 53 53 ]	[10 0 4 ]	(35 38 41 )
[53 53 53 53 ]	[10 0 4 ]	(35 38 41 )
输入数据：
11-2-5=6
2-5-9=5
0-4-7=10
7-11-2=4
3-7-10=2
输入序列：
1844 113 74 20 51 

bayes用时0.000035秒

输出和弦：29 33 36 

输入音符：53
输入音符：53
输入音符：53
输入音符：53

hmm用时0.007805秒
50_m3(w=1.000000) len(seq)=12
旋律		模型输出	实际结果
[50 50 50 50 ]	[0 4 8 ]	(38 41 45 )
[50 50 50 50 ]	[0 4 8 ]	(38 41 45 )
[0 0 0 0 ]	[0 4 8 ]	(38 41 45 )
[0 0 0 0 ]	[0 4 8 ]	(38 41 45 )
[0 0 0 0 ]	[0 4 8 ]	(38 41 45 )
[50 50 50 50 ]	[10 0 4 ]	(35 38 41 )
[53 53 53 53 ]	[10 0 4 ]	(35 38 41 )
[53 53 50 50 ]	[10 0 4 ]	(35 38 41 )
[53 53 53 53 ]	[10 0 4 ]	(35 38 41 )
[53 53 53 53 ]	[10 0 4 ]	(35 38 41 )
[53 53 53 53 ]	[10 0 4 ]	(35 38 41 )
[53 53 53 53 ]	[10 0 4 ]	(35 38 41 )
输入数据：
11-2-5=7
2-5-9=5
0-4-7=10
7-11-2=4
3-7-10=2
输入序列：
4948 113 74 20 51 

bayes用时0.000030秒

输出和弦：35 38 41 

输入音符：0
输入音符：0
输入音符：0
输入音符：0

hmm用时0.010084秒
50_m3(w=1.000000) len(seq)=13
旋律		模型输出	实际结果
[50 50 50 50 ]	[0 4 8 ]	(38 41 45 )
[50 50 50 50 ]	[0 4 8 ]	(38 41 45 )
[0 0 0 0 ]	[0 4 8 ]	(38 41 45 )
[0 0 0 0 ]	[0 4 8 ]	(38 41 45 )
[0 0 0 0 ]	[0 4 8 ]	(38 41 45 )
[50 50 50 50 ]	[0 4 8 ]	(38 41 45 )
[53 53 53 53 ]	[0 4 8 ]	(38 41 45 )
[53 53 50 50 ]	[0 4 8 ]	(38 41 45 )
[53 53 53 53 ]	[0 4 8 ]	(38 41 45 )
[53 53 53 53 ]	[0 4 8 ]	(38 41 45 )
[53 53 53 53 ]	[0 4 8 ]	(38 41 45 )
[53 53 53 53 ]	[0 4 8 ]	(38 41 45 )
[0 0 0 0 ]	[0 4 8 ]	(38 41 45 )
输入数据：
2-5-9=13
0-4-7=10
7-11-2=4
3-7-10=2
9-0-4=15
输入序列：
1491 74 20 51 1632 

bayes用时0.000032秒

输出和弦：38 41 45 

输入音符：50
输入音符：50
输入音符：50
输入音符：50

hmm用时0.010577秒
50_m3(w=1.000000) len(seq)=14
旋律		模型输出	实际结果
[50 50 50 50 ]	[0 4 8 ]	(38 41 45 )
[50 50 50 50 ]	[0 4 8 ]	(38 41 45 )
[0 0 0 0 ]	[0 4 8 ]	(38 41 45 )
[0 0 0 0 ]	[0 4 8 ]	(38 41 45 )
[0 0 0 0 ]	[0 4 8 ]	(38 41 45 )
[50 50 50 50 ]	[0 4 8 ]	(38 41 45 )
[53 53 53 53 ]	[0 4 8 ]	(38 41 45 )
[53 53 50 50 ]	[0 4 8 ]	(38 41 45 )
[53 53 53 53 ]	[0 4 8 ]	(38 41 45 )
[53 53 53 53 ]	[0 4 8 ]	(38 41 45 )
[53 53 53 53 ]	[0 4 8 ]	(38 41 45 )
[53 53 53 53 ]	[0 4 8 ]	(38 41 45 )
[0 0 0 0 ]	[0 4 8 ]	(38 41 45 )
[50 50 50 50 ]	[0 4 8 ]	(38 41 45 )
输入数据：
2-5-9=14
0-4-7=10
7-11-2=4
3-7-10=2
9-0-4=15
输入序列：
188 74 20 51 1632 

bayes用时0.000041秒

输出和弦：38 41 45 

输入音符：53
输入音符：53
输入音符：53
输入音符：53

hmm用时0.011292秒
50_m3(w=1.000000) len(seq)=15
旋律		模型输出	实际结果
[50 50 50 50 ]	[0 4 8 ]	(38 41 45 )
[50 50 50 50 ]	[0 4 8 ]	(38 41 45 )
[0 0 0 0 ]	[0 4 8 ]	(38 41 45 )
[0 0 0 0 ]	[0 4 8 ]	(38 41 45 )
[0 0 0 0 ]	[0 4 8 ]	(38 41 45 )
[50 50 50 50 ]	[10 0 4 ]	(35 38 41 )
[53 53 53 53 ]	[10 0 4 ]	(35 38 41 )
[53 53 50 50 ]	[10 0 4 ]	(35 38 41 )
[53 53 53 53 ]	[10 0 4 ]	(35 38 41 )
[53 53 53 53 ]	[10 0 4 ]	(35 38 41 )
[53 53 53 53 ]	[10 0 4 ]	(35 38 41 )
[53 53 53 53 ]	[10 0 4 ]	(35 38 41 )
[0 0 0 0 ]	[10 0 4 ]	(35 38 41 )
[50 50 50 50 ]	[10 0 4 ]	(35 38 41 )
[53 53 53 53 ]	[10 0 4 ]	(35 38 41 )
输入数据：
11-2-5=10
2-5-9=5
0-4-7=10
7-11-2=4
3-7-10=2
输入序列：
3002 113 74 20 51 

bayes用时0.000029秒

输出和弦：35 38 41 

输入音符：53
输入音符：53
输入音符：50
输入音符：50

hmm用时0.009254秒
50_m3(w=1.000000) len(seq)=15
旋律		模型输出	实际结果
[50 50 50 50 ]	[0 4 8 ]	(38 41 45 )
[50 50 50 50 ]	[0 4 8 ]	(38 41 45 )
[0 0 0 0 ]	[0 4 8 ]	(38 41 45 )
[0 0 0 0 ]	[0 4 8 ]	(38 41 45 )
[0 0 0 0 ]	[0 4 8 ]	(38 41 45 )
[50 50 50 50 ]	[10 0 4 ]	(35 38 41 )
[53 53 53 53 ]	[10 0 4 ]	(35 38 41 )
[53 53 50 50 ]	[10 0 4 ]	(35 38 41 )
[53 53 53 53 ]	[10 0 4 ]	(35 38 41 )
[53 53 53 53 ]	[10 0 4 ]	(35 38 41 )
[53 53 53 53 ]	[10 0 4 ]	(35 38 41 )
[53 53 53 53 ]	[10 0 4 ]	(35 38 41 )
[0 0 0 0 ]	[10 0 4 ]	(35 38 41 )
[50 50 50 50 ]	[10 0 4 ]	(35 38 41 )
[53 53 53 53 ]	[10 0 4 ]	(35 38 41 )

hmm用时0.001271秒
50_m3(w=1.000000) len(seq)=1
旋律		模型输出	实际结果
[53 53 50 50 ]	[10 0 4 ]	(35 38 41 )
输入数据：
11-2-5=11
2-5-9=5
0-4-7=10
7-11-2=4
3-7-10=2
输入序列：
3861 113 74 20 51 

bayes用时0.000027秒

输出和弦：35 38 41 

输入音符：52
输入音符：52
输入音符：52
输入音符：52

hmm用时0.001250秒
50_m3(w=1.000000) len(seq)=1
旋律		模型输出	实际结果
[53 53 50 50 ]	[10 0 4 ]	(35 38 41 )

hmm用时0.001252秒
52_-5(w=2.000000) len(seq)=1
旋律		模型输出	实际结果
[52 52 52 52 ]	[]	()
输入数据：
11-2-5=11
2-5-9=5
0-4-7=10
7-11-2=4
3-7-10=2
输入序列：
3861 113 74 20 51 

bayes用时0.000020秒

输出和弦：35 38 41 

输入音符：52
输入音符：52
输入音符：52
输入音符：52

hmm用时0.002057秒
52_-5(w=2.000000) len(seq)=2
旋律		模型输出	实际结果
[52 52 52 52 ]	[]	()
[52 52 52 52 ]	[]	()
输入数据：
11-2-5=11
2-5-9=5
0-4-7=10
7-11-2=4
3-7-10=2
输入序列：
3861 113 74 20 51 

bayes用时0.000034秒

输出和弦：35 38 41 

输入音符：0
输入音符：0
输入音符：0
输入音符：0

hmm用时0.003379秒
52_-5(w=2.000000) len(seq)=3
旋律		模型输出	实际结果
[52 52 52 52 ]	[0 4 8 ]	(40 43 47 )
[52 52 52 52 ]	[0 4 8 ]	(40 43 47 )
[0 0 0 0 ]	[0 4 8 ]	(40 43 47 )
输入数据：
4-7-11=3
11-2-5=11
2-5-9=5
0-4-7=10
7-11-2=4
输入序列：
847 3861 113 74 20 

bayes用时0.000057秒

输出和弦：45 48 52 

输入音符：0
输入音符：0
输入音符：0
输入音符：0

hmm用时0.003805秒
52_-5(w=2.000000) len(seq)=4
旋律		模型输出	实际结果
[52 52 52 52 ]	[0 4 8 ]	(40 43 47 )
[52 52 52 52 ]	[0 4 8 ]	(40 43 47 )
[0 0 0 0 ]	[0 4 8 ]	(40 43 47 )
[0 0 0 0 ]	[0 4 8 ]	(40 43 47 )
输入数据：
4-7-11=4
11-2-5=11
2-5-9=5
0-4-7=10
7-11-2=4
输入序列：
98 3861 113 74 20 

bayes用时0.000050秒

输出和弦：45 48 52 

输入音符：0
输入音符：0
输入音符：0
输入音符：0

hmm用时0.004192秒
52_-5(w=2.000000) len(seq)=5
旋律		模型输出	实际结果
[52 52 52 52 ]	[0 4 8 ]	(40 43 47 )
[52 52 52 52 ]	[0 4 8 ]	(40 43 47 )
[0 0 0 0 ]	[0 4 8 ]	(40 43 47 )
[0 0 0 0 ]	[0 4 8 ]	(40 43 47 )
[0 0 0 0 ]	[0 4 8 ]	(40 43 47 )
输入数据：
4-7-11=5
11-2-5=11
2-5-9=5
0-4-7=10
7-11-2=4
输入序列：
857 3861 113 74 20 

bayes用时0.000045秒

输出和弦：45 48 52 

输入音符：52
输入音符：52
输入音符：52
输入音符：52

hmm用时0.004865秒
52_-5(w=2.000000) len(seq)=6
旋律		模型输出	实际结果
[52 52 52 52 ]	[0 4 8 ]	(40 43 47 )
[52 52 52 52 ]	[0 4 8 ]	(40 43 47 )
[0 0 0 0 ]	[0 4 8 ]	(40 43 47 )
[0 0 0 0 ]	[0 4 8 ]	(40 43 47 )
[0 0 0 0 ]	[0 4 8 ]	(40 43 47 )
[52 52 52 52 ]	[0 4 8 ]	(40 43 47 )
输入数据：
4-7-11=6
11-2-5=11
2-5-9=5
0-4-7=10
7-11-2=4
输入序列：
840 3861 113 74 20 

bayes用时0.000032秒

输出和弦：40 43 47 

输入音符：52
输入音符：52
输入音符：52
输入音符：52

hmm用时0.006782秒
52_-5(w=2.000000) len(seq)=7
旋律		模型输出	实际结果
[52 52 52 52 ]	[0 4 8 ]	(40 43 47 )
[52 52 52 52 ]	[0 4 8 ]	(40 43 47 )
[0 0 0 0 ]	[0 4 8 ]	(40 43 47 )
[0 0 0 0 ]	[0 4 8 ]	(40 43 47 )
[0 0 0 0 ]	[0 4 8 ]	(40 43 47 )
[52 52 52 52 ]	[0 4 8 ]	(40 43 47 )
[52 52 52 52 ]	[0 4 8 ]	(40 43 47 )
输入数据：
4-7-11=7
11-2-5=11
2-5-9=5
0-4-7=10
7-11-2=4
输入序列：
1137 3861 113 74 20 

bayes用时0.000056秒

输出和弦：40 43 47 

输入音符：52
输入音符：52
输入音符：52
输入音符：52

hmm用时0.007312秒
52_-5(w=2.000000) len(seq)=8
旋律		模型输出	实际结果
[52 52 52 52 ]	[0 4 8 ]	(40 43 47 )
[52 52 52 52 ]	[0 4 8 ]	(40 43 47 )
[0 0 0 0 ]	[0 4 8 ]	(40 43 47 )
[0 0 0 0 ]	[0 4 8 ]	(40 43 47 )
[0 0 0 0 ]	[0 4 8 ]	(40 43 47 )
[52 52 52 52 ]	[0 4 8 ]	(40 43 47 )
[52 52 52 52 ]	[0 4 8 ]	(40 43 47 )
[52 52 52 52 ]	[0 4 8 ]	(40 43 47 )
输入数据：
4-7-11=8
11-2-5=11
2-5-9=5
0-4-7=10
7-11-2=4
输入序列：
160 3861 113 74 20 

bayes用时0.000034秒

输出和弦：45 48 52 

输入音符：53
输入音符：53
输入音符：53
输入音符：53

hmm用时0.006125秒
52_-5(w=2.000000) len(seq)=8
旋律		模型输出	实际结果
[52 52 52 52 ]	[0 4 8 ]	(40 43 47 )
[52 52 52 52 ]	[0 4 8 ]	(40 43 47 )
[0 0 0 0 ]	[0 4 8 ]	(40 43 47 )
[0 0 0 0 ]	[0 4 8 ]	(40 43 47 )
[0 0 0 0 ]	[0 4 8 ]	(40 43 47 )
[52 52 52 52 ]	[0 4 8 ]	(40 43 47 )
[52 52 52 52 ]	[0 4 8 ]	(40 43 47 )
[52 52 52 52 ]	[0 4 8 ]	(40 43 47 )

hmm用时0.001296秒
53_-5(w=2.000000) len(seq)=1
旋律		模型输出	实际结果
[53 53 53 53 ]	[]	()
输入数据：
4-7-11=8
11-2-5=11
2-5-9=5
0-4-7=10
7-11-2=4
输入序列：
160 3861 113 74 20 

bayes用时0.000037秒

输出和弦：45 48 52 

输入音符：53
输入音符：53
输入音符：50
输入音符：50

hmm用时0.001980秒
50_m3(w=1.000000) len(seq)=2
旋律		模型输出	实际结果
[53 53 53 53 ]	[10 0 4 ]	(35 38 41 )
[53 53 50 50 ]	[10 0 4 ]	(35 38 41 )
输入数据：
11-2-5=2
4-7-11=8
11-2-5=11
2-5-9=5
0-4-7=10
输入序列：
179 160 3861 113 74 

bayes用时0.000047秒

输出和弦：24 28 31 

输入音符：50
输入音符：50
输入音符：50
输入音符：50

hmm用时0.002864秒
50_m3(w=1.000000) len(seq)=3
旋律		模型输出	实际结果
[53 53 53 53 ]	[10 0 4 ]	(35 38 41 )
[53 53 50 50 ]	[10 0 4 ]	(35 38 41 )
[50 50 50 50 ]	[10 0 4 ]	(35 38 41 )
输入数据：
11-2-5=3
4-7-11=8
11-2-5=11
2-5-9=5
0-4-7=10
输入序列：
1606 160 3861 113 74 

bayes用时0.000047秒

输出和弦：35 38 41 

输入音符：48
输入音符：48
输入音符：46
输入音符：46

hmm用时0.003756秒
46_M3(w=2.500000) len(seq)=4
旋律		模型输出	实际结果
[53 53 53 53 ]	[0 5 9 ]	(34 38 41 )
[53 53 50 50 ]	[0 5 9 ]	(34 38 41 )
[50 50 50 50 ]	[0 5 9 ]	(34 38 41 )
[48 48 46 46 ]	[0 5 9 ]	(34 38 41 )
输入数据：
10-2-5=4
4-7-11=8
11-2-5=11
2-5-9=5
0-4-7=10
输入序列：
104 160 3861 113 74 

bayes用时0.000097秒

输出和弦：24 28 31 

输入音符：46
输入音符：46
输入音符：46
输入音符：46

hmm用时0.004227秒
46_M3(w=2.500000) len(seq)=5
旋律		模型输出	实际结果
[53 53 53 53 ]	[0 5 9 ]	(34 38 41 )
[53 53 50 50 ]	[0 5 9 ]	(34 38 41 )
[50 50 50 50 ]	[0 5 9 ]	(34 38 41 )
[48 48 46 46 ]	[0 5 9 ]	(34 38 41 )
[46 46 46 46 ]	[0 5 9 ]	(34 38 41 )
输入数据：
10-2-5=5
4-7-11=8
11-2-5=11
2-5-9=5
0-4-7=10
输入序列：
251 160 3861 113 74 

bayes用时0.000052秒

输出和弦：34 38 41 

输入音符：46
输入音符：46
输入音符：46
输入音符：46

hmm用时0.004895秒
46_M3(w=2.500000) len(seq)=6
旋律		模型输出	实际结果
[53 53 53 53 ]	[0 5 9 ]	(34 38 41 )
[53 53 50 50 ]	[0 5 9 ]	(34 38 41 )
[50 50 50 50 ]	[0 5 9 ]	(34 38 41 )
[48 48 46 46 ]	[0 5 9 ]	(34 38 41 )
[46 46 46 46 ]	[0 5 9 ]	(34 38 41 )
[46 46 46 46 ]	[0 5 9 ]	(34 38 41 )
输入数据：
10-2-5=6
4-7-11=8
11-2-5=11
2-5-9=5
0-4-7=10
输入序列：
174 160 3861 113 74 

bayes用时0.000062秒

输出和弦：34 38 41 

输入音符：53
输入音符：53
输入音符：46
输入音符：46

hmm用时0.005620秒
46_M3(w=2.500000) len(seq)=7
旋律		模型输出	实际结果
[53 53 53 53 ]	[0 5 9 ]	(34 38 41 )
[53 53 50 50 ]	[0 5 9 ]	(34 38 41 )
[50 50 50 50 ]	[0 5 9 ]	(34 38 41 )
[48 48 46 46 ]	[0 5 9 ]	(34 38 41 )
[46 46 46 46 ]	[0 5 9 ]	(34 38 41 )
[46 46 46 46 ]	[0 5 9 ]	(34 38 41 )
[53 53 46 46 ]	[0 5 9 ]	(34 38 41 )
输入数据：
10-2-5=7
4-7-11=8
11-2-5=11
2-5-9=5
0-4-7=10
输入序列：
645 160 3861 113 74 

bayes用时0.000040秒

输出和弦：34 38 41 

输入音符：46
输入音符：46
输入音符：43
输入音符：43

hmm用时0.005814秒
43_m7(w=2.500000) len(seq)=8
旋律		模型输出	实际结果
[53 53 53 53 ]	[3 8 12 ]	(34 38 41 )
[53 53 50 50 ]	[3 8 12 ]	(34 38 41 )
[50 50 50 50 ]	[3 8 12 ]	(34 38 41 )
[48 48 46 46 ]	[3 8 12 ]	(34 38 41 )
[46 46 46 46 ]	[3 8 12 ]	(34 38 41 )
[46 46 46 46 ]	[3 8 12 ]	(34 38 41 )
[53 53 46 46 ]	[3 8 12 ]	(34 38 41 )
[46 46 43 43 ]	[3 8 12 ]	(34 38 41 )
输入数据：
10-2-5=8
4-7-11=8
11-2-5=11
2-5-9=5
0-4-7=10
输入序列：
111 160 3861 113 74 

bayes用时0.000071秒

输出和弦：24 28 31 

输入音符：45
输入音符：45
输入音符：45
输入音符：45

hmm用时0.005920秒
43_m7(w=2.500000) len(seq)=8
旋律		模型输出	实际结果
[53 53 53 53 ]	[3 8 12 ]	(34 38 41 )
[53 53 50 50 ]	[3 8 12 ]	(34 38 41 )
[50 50 50 50 ]	[3 8 12 ]	(34 38 41 )
[48 48 46 46 ]	[3 8 12 ]	(34 38 41 )
[46 46 46 46 ]	[3 8 12 ]	(34 38 41 )
[46 46 46 46 ]	[3 8 12 ]	(34 38 41 )
[53 53 46 46 ]	[3 8 12 ]	(34 38 41 )
[46 46 43 43 ]	[3 8 12 ]	(34 38 41 )

hmm用时0.001371秒
45_-5(w=2.000000) len(seq)=1
旋律		模型输出	实际结果
[45 45 45 45 ]	[]	()
输入数据：
10-2-5=8
4-7-11=8
11-2-5=11
2-5-9=5
0-4-7=10
输入序列：
111 160 3861 113 74 

bayes用时0.000069秒

输出和弦：24 28 31 

输入音符：45
输入音符：45
输入音符：45
输入音符：45

hmm用时0.002002秒
45_-5(w=2.000000) len(seq)=2
旋律		模型输出	实际结果
[45 45 45 45 ]	[]	()
[45 45 45 45 ]	[]	()
输入数据：
10-2-5=8
4-7-11=8
11-2-5=11
2-5-9=5
0-4-7=10
输入序列：
111 160 3861 113 74 

bayes用时0.000072秒

输出和弦：24 28 31 

输入音符：0
输入音符：0
输入音符：0
输入音符：0

hmm用时0.002794秒
45_-5(w=2.000000) len(seq)=3
旋律		模型输出	实际结果
[45 45 45 45 ]	[0 4 8 ]	(33 36 40 )
[45 45 45 45 ]	[0 4 8 ]	(33 36 40 )
[0 0 0 0 ]	[0 4 8 ]	(33 36 40 )
输入数据：
9-0-4=3
10-2-5=8
4-7-11=8
11-2-5=11
2-5-9=5
输入序列：
23 111 160 3861 113 

bayes用时0.000093秒

输出和弦：33 36 40 

输入音符：0
输入音符：0
输入音符：0
输入音符：0

hmm用时0.003666秒
45_-5(w=2.000000) len(seq)=4
旋律		模型输出	实际结果
[45 45 45 45 ]	[0 4 8 ]	(33 36 40 )
[45 45 45 45 ]	[0 4 8 ]	(33 36 40 )
[0 0 0 0 ]	[0 4 8 ]	(33 36 40 )
[0 0 0 0 ]	[0 4 8 ]	(33 36 40 )
输入数据：
9-0-4=4
10-2-5=8
4-7-11=8
11-2-5=11
2-5-9=5
输入序列：
53 111 160 3861 113 

bayes用时0.000150秒

输出和弦：33 36 40 

